Initializing problem...

Thread values: 
[ 1  2  3  4  5  6  7  8  9 10 11 12 13 14 15 16]

Cache1 values: 
[  16   32   48   64   80   96  112  128  144  160  176  192  208  224
  240  256  272  288  304  320  336  352  368  384  400  416  432  448
  464  480  496  512  528  544  560  576  592  608  624  640  656  672
  688  704  720  736  752  768  784  800  816  832  848  864  880  896
  912  928  944  960  976  992 1008 1024 1040]

Cache2 values: 
[ 16  32  48  64  80  96 112 128 144 160 176 192]

Cache3 values: 
[ 16  32  48  64  80  96 112 128 144 160 176 192 208 224 240 256 272 288
 304 320 336 352 368 384 400 416 432 448 464 480]

Number of ants: 
20

Evaporation rate: 
0.5

Objective cost function is the sphere function i.e.
thread*thread + cache1*cache1 + cache2*cache2 + *cache3*cache3

ITERATION: 1

Pheromone of best ant: 
1.0

Probabilities for thread
[0.0625 0.0625 0.0625 0.0625 0.0625 0.0625 0.0625 0.0625 0.0625 0.0625
 0.0625 0.0625 0.0625 0.0625 0.0625 0.0625]

Probabilities for cache1
[0.01538462 0.01538462 0.01538462 0.01538462 0.01538462 0.01538462
 0.01538462 0.01538462 0.01538462 0.01538462 0.01538462 0.01538462
 0.01538462 0.01538462 0.01538462 0.01538462 0.01538462 0.01538462
 0.01538462 0.01538462 0.01538462 0.01538462 0.01538462 0.01538462
 0.01538462 0.01538462 0.01538462 0.01538462 0.01538462 0.01538462
 0.01538462 0.01538462 0.01538462 0.01538462 0.01538462 0.01538462
 0.01538462 0.01538462 0.01538462 0.01538462 0.01538462 0.01538462
 0.01538462 0.01538462 0.01538462 0.01538462 0.01538462 0.01538462
 0.01538462 0.01538462 0.01538462 0.01538462 0.01538462 0.01538462
 0.01538462 0.01538462 0.01538462 0.01538462 0.01538462 0.01538462
 0.01538462 0.01538462 0.01538462 0.01538462 0.01538462]

Probabilities for cache2
[0.08333333 0.08333333 0.08333333 0.08333333 0.08333333 0.08333333
 0.08333333 0.08333333 0.08333333 0.08333333 0.08333333 0.08333333]

Probabilities for cache3
[0.03333333 0.03333333 0.03333333 0.03333333 0.03333333 0.03333333
 0.03333333 0.03333333 0.03333333 0.03333333 0.03333333 0.03333333
 0.03333333 0.03333333 0.03333333 0.03333333 0.03333333 0.03333333
 0.03333333 0.03333333 0.03333333 0.03333333 0.03333333 0.03333333
 0.03333333 0.03333333 0.03333333 0.03333333 0.03333333 0.03333333]

Best ant: 7
Best cost: 57977
Best parameters:
    thread[10]: 11
    cache1[8]: 144
    cache2[0]: 16
    cache3[11]: 192

Worst ant: 5
Worst cost: 1233785
Worst paramters:
   thread[10]: 11
   cache1[62]: 1008
   cache2[2]: 48
   cache3[28]: 464

ITERATION: 2

Pheromone of best ant: 
0.5

Probabilities for thread
[0.06221356 0.0622896  0.0622999  0.06282267 0.06228933 0.06221356
 0.06221356 0.06221356 0.06235923 0.06282949 0.06408229 0.06264947
 0.06227592 0.06239256 0.06252278 0.06233253]

Probabilities for cache1
[0.01531411 0.01531411 0.01531411 0.01531411 0.01531411 0.01531411
 0.01531411 0.01625473 0.01719992 0.01531411 0.01531411 0.01578165
 0.01531411 0.01531411 0.01531411 0.01549904 0.01531411 0.01531411
 0.01531411 0.01531411 0.01545568 0.01543308 0.01531411 0.01542633
 0.01531411 0.01531411 0.01531411 0.01531411 0.0154211  0.01547649
 0.01531411 0.01531411 0.01542425 0.01531411 0.01531411 0.01531411
 0.01537647 0.01531411 0.01538988 0.01531411 0.01531411 0.01531411
 0.01531411 0.01531411 0.01531411 0.01531411 0.01536405 0.01531411
 0.01531411 0.01531411 0.01531411 0.01531411 0.01531411 0.01531411
 0.01531411 0.01534903 0.01531411 0.01535079 0.01534964 0.0153442
 0.01531411 0.01531411 0.01534069 0.01531411 0.01531411]

Probabilities for cache2
[0.0857296  0.08298633 0.0835079  0.08307038 0.08295141 0.08324856
 0.08326162 0.08312967 0.0829815  0.08323022 0.08295141 0.08295141]

Probabilities for cache3
[0.03318056 0.03318056 0.03318056 0.03318056 0.03332624 0.03318056
 0.03318056 0.03321725 0.03318056 0.03318056 0.03435362 0.03492405
 0.03318056 0.03318056 0.03318056 0.03333751 0.03318056 0.03350948
 0.03318056 0.03350707 0.03318056 0.03326691 0.03332771 0.03332963
 0.03318056 0.03324293 0.03318056 0.03325661 0.03320715 0.03330486]

Best ant: 14
Best cost: 21264
Best parameters:
    thread[3]: 4
    cache1[0]: 16
    cache2[0]: 16
    cache3[8]: 144

Worst ant: 10
Worst cost: 1199409
Worst paramters:
   thread[6]: 7
   cache1[60]: 976
   cache2[7]: 128
   cache3[29]: 480

ITERATION: 3

Pheromone of best ant: 
0.25

Probabilities for thread
[0.06121928 0.06312907 0.06421421 0.06863112 0.06125997 0.06129747
 0.06178146 0.06153371 0.06136051 0.06244668 0.06306352 0.06185565
 0.06118787 0.06402933 0.06143042 0.06155974]

Probabilities for cache1
[0.02464658 0.01504655 0.01504655 0.0177734  0.01504655 0.01504655
 0.01504655 0.01597074 0.01841963 0.01504655 0.01504655 0.01550592
 0.01539522 0.01504655 0.01504655 0.01522825 0.01636407 0.01504655
 0.01504655 0.01504655 0.01518565 0.01516344 0.01545366 0.01515681
 0.01504655 0.0156167  0.01504655 0.01504655 0.01515167 0.0152061
 0.01504655 0.01504655 0.01515477 0.01504655 0.01504655 0.01504655
 0.01528436 0.01504655 0.01512099 0.01504655 0.0152716  0.01504655
 0.01504655 0.01514621 0.01504655 0.01513733 0.01509562 0.01513923
 0.01504655 0.01504655 0.01504655 0.01511776 0.01504655 0.01504655
 0.01504655 0.01508086 0.01504655 0.01508259 0.01508146 0.01507612
 0.01515772 0.01510542 0.01507267 0.01510145 0.01504655]

Probabilities for cache2
[0.09388671 0.08241334 0.08477575 0.08211181 0.081561   0.08230087
 0.0821556  0.08337395 0.082227   0.08177607 0.08160296 0.08181495]

Probabilities for cache3
[0.03277739 0.03260085 0.03260085 0.03412106 0.03274398 0.03361058
 0.03331576 0.03906899 0.03881189 0.03260085 0.03375341 0.03456777
 0.03260085 0.03260085 0.03272507 0.03284774 0.03271864 0.03292402
 0.03265576 0.03292165 0.03260085 0.03313402 0.03274542 0.0328381
 0.03270169 0.03266212 0.03267207 0.03267557 0.03262697 0.03277522]

Best ant: 6
Best cost: 5440
Best parameters:
    thread[7]: 8
    cache1[0]: 16
    cache2[1]: 32
    cache3[3]: 64

Worst ant: 11
Worst cost: 1147908
Worst paramters:
   thread[1]: 2
   cache1[59]: 960
   cache2[9]: 160
   cache3[27]: 448

ITERATION: 4

Pheromone of best ant: 
1573.4638157894738

Probabilities for thread
[0.05635468 0.05708719 0.05880808 0.06185059 0.05526551 0.05513235
 0.07545357 0.12783957 0.05563063 0.05909148 0.05672078 0.05576853
 0.05503377 0.05783707 0.05576219 0.05636403]

Probabilities for cache1
[0.11584101 0.01353321 0.01353321 0.0159858  0.01353321 0.01353321
 0.01461187 0.01436445 0.01739986 0.01353321 0.01353321 0.01394638
 0.0142884  0.01454284 0.01467095 0.01369663 0.01471822 0.01353321
 0.01353321 0.01353321 0.01365832 0.01363835 0.01389938 0.01363238
 0.01412672 0.01404602 0.01353321 0.01353321 0.01362776 0.01367671
 0.01353321 0.01353321 0.01363055 0.01353321 0.01353321 0.01353321
 0.0137471  0.01378084 0.01360017 0.01353321 0.0143798  0.01353321
 0.01353321 0.01362284 0.01353321 0.01361486 0.01357735 0.01378346
 0.01353321 0.01369617 0.01353321 0.01359726 0.01353321 0.01353321
 0.0136675  0.01369821 0.01353321 0.01368781 0.01356461 0.01365378
 0.0136332  0.01368972 0.0135567  0.01358259 0.01353321]

Probabilities for cache2
[0.10857918 0.1439595  0.07624925 0.07442165 0.07436746 0.07590945
 0.07402692 0.07498844 0.07422337 0.07515523 0.07339557 0.07472399]

Probabilities for cache3
[0.03061848 0.02961905 0.05889462 0.09349725 0.02945069 0.03023013
 0.03055846 0.03527384 0.03503048 0.02932195 0.03052548 0.03119461
 0.02932195 0.03033158 0.02965465 0.02979164 0.03093403 0.03065517
 0.02937134 0.02961049 0.02932195 0.0298015  0.02945199 0.02953534
 0.02941265 0.03045573 0.029386   0.02992472 0.02934545 0.02947878]

Best ant: 18
Best cost: 3648
Best parameters:
    thread[7]: 8
    cache1[0]: 16
    cache2[1]: 32
    cache3[2]: 48

Worst ant: 6
Worst cost: 1099072
Worst paramters:
   thread[7]: 8
   cache1[63]: 1024
   cache2[0]: 16
   cache3[13]: 224

ITERATION: 5

Pheromone of best ant: 
0.0625

Probabilities for thread
[0.04326637 0.04412463 0.04541783 0.04862044 0.04318654 0.04415541
 0.10629771 0.26549789 0.04319213 0.04553011 0.04354745 0.04348501
 0.0434799  0.05070943 0.04281149 0.04667766]

Probabilities for cache1
[0.29991505 0.01039014 0.01039014 0.01227312 0.01438229 0.01603442
 0.01121828 0.01245539 0.01411514 0.01039014 0.01039014 0.01411146
 0.01096994 0.01116528 0.01126364 0.01123502 0.01129993 0.01161779
 0.01039014 0.01186437 0.01048619 0.01047086 0.01067126 0.01046628
 0.0108458  0.01078385 0.01039014 0.01039014 0.01046273 0.01116896
 0.01039014 0.01039014 0.01046487 0.01087178 0.01039014 0.01039014
 0.01085022 0.01058026 0.01044155 0.01039014 0.01104011 0.01039014
 0.01039014 0.01045896 0.01039014 0.01045283 0.01069188 0.01078645
 0.01063934 0.01051525 0.01039014 0.01043931 0.01039014 0.01039014
 0.01049324 0.01051682 0.01054135 0.01050883 0.01041424 0.01048271
 0.01062946 0.0105103  0.01040818 0.01057236 0.01039014]

Probabilities for cache2
[0.14218535 0.26611112 0.0607239  0.05827189 0.05776436 0.05894024
 0.06107562 0.06336796 0.05762928 0.05826424 0.05706895 0.05859709]

Probabilities for cache3
[0.02417603 0.08998608 0.19322781 0.07325687 0.0226108  0.02809018
 0.02394294 0.02708153 0.03088685 0.02251197 0.02343597 0.0239497
 0.02251197 0.02343142 0.0227674  0.02287257 0.02374964 0.02353555
 0.02397695 0.02273349 0.02251197 0.02359955 0.02374637 0.02267579
 0.02287746 0.02338242 0.02352171 0.02312595 0.02253    0.02329304]

Best ant: 19
Best cost: 6777
Best parameters:
    thread[10]: 11
    cache1[0]: 16
    cache2[3]: 64
    cache3[2]: 48

Worst ant: 18
Worst cost: 1089145
Worst paramters:
   thread[10]: 11
   cache1[60]: 976
   cache2[1]: 32
   cache3[22]: 368

ITERATION: 6

Pheromone of best ant: 
0.03125

Probabilities for thread
[0.03352319 0.03418818 0.03519016 0.03767157 0.03468008 0.03421203
 0.08259967 0.20989258 0.03447637 0.09357127 0.16306822 0.03422722
 0.03368864 0.05064793 0.03317074 0.05519216]

Probabilities for cache1
[0.44856626 0.00805038 0.00805038 0.00950933 0.01114354 0.01242362
 0.00869203 0.00965055 0.01093655 0.00805038 0.00805038 0.01093369
 0.00849961 0.00865097 0.00872718 0.01102983 0.00875529 0.00900157
 0.00915486 0.00919263 0.0096967  0.00811292 0.0082682  0.00810937
 0.00840343 0.00835543 0.00805038 0.00805038 0.00810662 0.00966452
 0.00903211 0.00805038 0.00810828 0.00842356 0.00805038 0.00805038
 0.00840685 0.00819768 0.00809021 0.00805038 0.0090886  0.00805038
 0.00805038 0.0081037  0.00805038 0.00809895 0.00828417 0.00835745
 0.00824346 0.00814731 0.00805038 0.00808848 0.00835735 0.00805038
 0.00813026 0.00814853 0.00816754 0.00814234 0.00806905 0.00835841
 0.00869644 0.00814348 0.00830356 0.00842151 0.00805038]

Probabilities for cache2
[0.1218313  0.22671406 0.11176382 0.16167572 0.04758115 0.04700133
 0.04882615 0.04909809 0.04806918 0.04782006 0.04421756 0.04540158]

Probabilities for cache3
[0.01873181 0.11525014 0.27056159 0.05777082 0.01774901 0.02176454
 0.0524342  0.02255492 0.03528921 0.01744248 0.01815841 0.01855646
 0.01744248 0.02157235 0.01764039 0.01772188 0.01894543 0.01823556
 0.01857756 0.01895492 0.01879774 0.01828515 0.01862253 0.01914718
 0.01772567 0.02042037 0.01822484 0.01791821 0.01745646 0.01804766]

Best ant: 3
Best cost: 1600
Best parameters:
    thread[7]: 8
    cache1[0]: 16
    cache2[0]: 16
    cache3[1]: 32

Worst ant: 5
Worst cost: 876132
Worst paramters:
   thread[9]: 10
   cache1[57]: 928
   cache2[6]: 112
   cache3[2]: 48

ITERATION: 7

Pheromone of best ant: 
0.015625

Probabilities for thread
[0.01342033 0.01413809 0.01408767 0.01508105 0.02425209 0.01369609
 0.15333026 0.38016453 0.05660323 0.03763841 0.15495345 0.01370217
 0.01348656 0.02059589 0.01357875 0.06127142]

Probabilities for cache1
[0.76877456 0.00322281 0.00322281 0.00380687 0.00446109 0.00497354
 0.00347968 0.0038634  0.01055214 0.00322281 0.00322281 0.00437708
 0.00340265 0.00346324 0.00412515 0.00441557 0.003505   0.0036036
 0.00366496 0.00368008 0.00388188 0.00424551 0.00331    0.00324642
 0.00336414 0.00417134 0.00322281 0.00322281 0.00324532 0.00432055
 0.00361582 0.00322281 0.00324599 0.0033722  0.00354282 0.00363091
 0.00336551 0.00328178 0.00323875 0.00322281 0.00363844 0.00322281
 0.00322281 0.00354366 0.00322281 0.00324225 0.0033164  0.00334573
 0.0033001  0.00326161 0.00322281 0.00323806 0.00352817 0.00322281
 0.00325479 0.0032621  0.00326971 0.00343867 0.00323028 0.00334612
 0.00348144 0.00326008 0.00332416 0.00337138 0.00322281]

Probabilities for cache2
[0.48856289 0.19285146 0.06128491 0.0889535  0.01904815 0.01922414
 0.03097457 0.02015792 0.01924352 0.0194433  0.01869928 0.02155635]

Probabilities for cache3
[0.19604076 0.25439839 0.23532282 0.05098015 0.02740133 0.01209374
 0.0425007  0.00985582 0.01412732 0.00698274 0.00726935 0.0074287
 0.00739085 0.00863606 0.00706197 0.0070946  0.00758442 0.00730024
 0.00743715 0.00758822 0.00797685 0.00750257 0.00745515 0.00766519
 0.00741613 0.00817488 0.00792735 0.00717319 0.00698834 0.00722502]

Best ant: 17
Best cost: 772
Best parameters:
    thread[1]: 2
    cache1[0]: 16
    cache2[0]: 16
    cache3[0]: 16

Worst ant: 6
Worst cost: 231168
Worst paramters:
   thread[15]: 16
   cache1[0]: 16
   cache2[0]: 16
   cache3[29]: 480

ITERATION: 8

Pheromone of best ant: 
1503.0507253738622

Probabilities for thread
[0.07467568 0.07486039 0.04173803 0.01151693 0.01495923 0.00844806
 0.17489623 0.31700198 0.03491415 0.04072645 0.11689019 0.00845181
 0.00831882 0.0262119  0.00837568 0.03801447]

Probabilities for cache1
[0.85479063 0.0019879  0.0019879  0.00234816 0.0049663  0.00306779
 0.00214634 0.00238303 0.0065088  0.0019879  0.0019879  0.00269988
 0.00209883 0.0021362  0.00254449 0.00272362 0.00216197 0.00222278
 0.00226063 0.00226996 0.00239443 0.00261873 0.0024114  0.00200247
 0.00207508 0.00257297 0.0019879  0.0019879  0.00200179 0.00266501
 0.00223032 0.0019879  0.0020022  0.00208005 0.00218529 0.00223963
 0.00207592 0.00202427 0.00199773 0.0019879  0.00224427 0.0019879
 0.0019879  0.00218581 0.0019879  0.00199989 0.00204563 0.00206372
 0.00203558 0.00201184 0.0019879  0.00199731 0.00217626 0.0019879
 0.00200762 0.00201214 0.00201683 0.00212105 0.00199251 0.00206396
 0.00214743 0.00201089 0.00205042 0.00207954 0.0019879 ]

Probabilities for cache2
[0.58195501 0.17982448 0.05518695 0.06718748 0.01174933 0.01707233
 0.02111091 0.01464846 0.01186984 0.01199307 0.01153413 0.01586802]

Probabilities for cache3
[0.37381902 0.19016742 0.23368616 0.03268091 0.02162253 0.00745969
 0.02822049 0.00607929 0.00871405 0.00430711 0.0044839  0.00458219
 0.00455884 0.00532691 0.00435598 0.00437611 0.00467824 0.00450295
 0.0045874  0.00468058 0.0049203  0.00462775 0.00459851 0.00472806
 0.00489079 0.00504245 0.00488977 0.00442459 0.00431057 0.00467743]

Best ant: 2
Best cost: 769
Best parameters:
    thread[0]: 1
    cache1[0]: 16
    cache2[0]: 16
    cache3[0]: 16

Worst ant: 8
Worst cost: 747897
Worst paramters:
   thread[10]: 11
   cache1[53]: 864
   cache2[1]: 32
   cache3[0]: 16

Optimal path obtained after 8 iterations
Minimun cost found: 769.0
Number of calls to function: 192
Number of iterations: 9
Best parameters found
   thread[0]: 1
   cache1[0]: 16
   cache2[0]: 16
   cache3[0]: 16
